using UnityEngine;
using System;

namespace UnityEngine.Experimental.Rendering.HDPipeline
{
    public partial class LTCAreaLight
    {
        // Table contains 3x3 matrix coefficients of M^-1 for the fitting of the Charlie BRDF using the LTC technique
        // From "Real-Time Polygonal-Light Shading with Linearly Transformed Cosines" 2016 (https://eheitzresearch.wordpress.com/415-2/)
        //
        // The table is accessed via LTCAreaLight.s_LtcMatrixData_Charlie[<roughnessIndex> + 64 * <thetaIndex>]    // Theta values are along the Y axis, Roughness values are along the X axis
        //    • roughness = ( <roughnessIndex> / 63 )^2
        //    • cosTheta = 1 - ( <thetaIndex> / 63 )^2
        //
        public static double[,]	s_LtcMatrixData_Charlie = new double[k_LtcLUTResolution * k_LtcLUTResolution, k_LtcLUTMatrixDim * k_LtcLUTMatrixDim] {
            { 0.603303441461272, 0, 0, 0, 0.603303441461272, 0, 0, 0, 1 }, { 0.603303441461272, 0, 0, 0, 0.603303441461272, 0, 0, 0, 1 }, { 0.603303441461272, 0, 0, 0, 0.603303441461272, 0, 0, 0, 1 }, { 0.603303441461272, 0, 0, 0, 0.603303441461272, 0, 0, 0, 1 }, { 0.603303441229229, 0, -1.1831812578268E-05, 0, 0.603303441461272, 0, 1.9611710733176E-05, 0, 0.999999999615381 }, { 0.603303441272178, 0, -1.0680861156664E-05, 0, 0.603303441461271, 0, 1.77039619246888E-05, 0, 0.99999999968657 }, { 0.603303441382839, 0, -6.87883918279258E-06, 0, 0.603303441461272, 0, 1.14019558153543E-05, 0, 0.999999999869995 }, { 0.603303441436325, 0, -3.87947719805455E-06, 0, 0.603303441461272, 0, 6.43039129473222E-06, 0, 0.99999999995865 }, { 0.603303441452845, 0, -2.25474539964266E-06, 0, 0.603303441461272, 0, 3.73733223563486E-06, 0, 0.999999999986033 }, { 0.603303441457779, 0, -1.45149034227073E-06, 0, 0.603303441461272, 0, 2.40590429710636E-06, 0, 0.999999999994212 }, { 0.603303441459574, 0, -1.01212156177861E-06, 0, 0.603303441461272, 0, 1.67763266744697E-06, 0, 0.999999999997185 }, { 0.603303441460559, 0, -6.55468951079964E-07, 0, 0.603303441461272, 0, 1.08646645457938E-06, 0, 0.99999999999882 }, { 0.603303441460845, 0, -5.07383185277605E-07, 0, 0.603303441461272, 0, 8.41008272799942E-07, 0, 0.999999999999293 }, { 0.603303441461015, 0, -3.9318064966891E-07, 0, 0.603303441461272, 0, 6.51712923626924E-07, 0, 0.999999999999575 }, { 0.603303441461075, 0, -3.44711739073717E-07, 0, 0.603303441461271, 0, 5.71373732327443E-07, 0, 0.999999999999673 }, { 0.603303441461155, 0, -2.65726309332225E-07, 0, 0.603303441461272, 0, 4.40452168959297E-07, 0, 0.999999999999806 }, { 0.603303441461206, 0, -1.98374427058046E-07, 0, 0.603303441461272, 0, 3.2881368383638E-07, 0, 0.999999999999892 }, { 0.603303441461198, 0, -2.10148201997169E-07, 0, 0.603303441461272, 0, 3.48329194821375E-07, 0, 0.999999999999879 }, { 0.60330344146123, 0, -1.57286183162691E-07, 0, 0.603303441461271, 0, 2.6070824787892E-07, 0, 0.999999999999932 }, { 0.603303441461235, 0, -1.48316460398677E-07, 0, 0.603303441461272, 0, 2.45840567458785E-07, 0, 0.99999999999994 }, { 0.603303441461242, 0, -1.33307294061352E-07, 0, 0.603303441461272, 0, 2.20962263597347E-07, 0, 0.999999999999951 }, { 0.603303441461241, 0, -1.35331470243358E-07, 0, 0.603303441461272, 0, 2.24317417973896E-07, 0, 0.99999999999995 }, { 0.603303441461249, 0, -1.17927034187182E-07, 0, 0.603303441461272, 0, 1.95468857100415E-07, 0, 0.999999999999962 }, { 0.603303441461255, 0, -1.00155079725962E-07, 0, 0.603303441461272, 0, 1.66011119517857E-07, 0, 0.999999999999972 }, { 0.603303441461255, 0, -9.90145783876879E-08, 0, 0.603303441461271, 0, 1.64120692147658E-07, 0, 0.999999999999973 }, { 0.603303441461258, 0, -8.90816791080252E-08, 0, 0.603303441461272, 0, 1.47656507465396E-07, 0, 0.999999999999978 }, { 0.603303441461258, 0, -8.99260275019494E-08, 0, 0.603303441461272, 0, 1.49056049281168E-07, 0, 0.999999999999978 }, { 0.60330344146126, 0, -8.36304690310745E-08, 0, 0.603303441461271, 0, 1.38620904976958E-07, 0, 0.999999999999981 }, { 0.603303441461259, 0, -8.6680125044786E-08, 0, 0.603303441461271, 0, 1.43675833896847E-07, 0, 0.999999999999979 }, { 0.603303441461263, 0, -7.13257227186031E-08, 0, 0.603303441461272, 0, 1.18225287337735E-07, 0, 0.999999999999986 }, { 0.603303441461263, 0, -7.27428809587445E-08, 0, 0.603303441461272, 0, 1.20574284778739E-07, 0, 0.999999999999985 }, { 0.603303441461263, 0, -7.02376566467406E-08, 0, 0.603303441461272, 0, 1.16421773554974E-07, 0, 0.999999999999986 }, { 0.603303441461266, 0, -5.76852745862277E-08, 0, 0.603303441461272, 0, 9.56156895881568E-08, 0, 0.999999999999991 }, { 0.603303441461265, 0, -6.40008134999365E-08, 0, 0.603303441461272, 0, 1.06083952289281E-07, 0, 0.999999999999989 }, { 0.603303441461266, 0, -5.7174253648615E-08, 0, 0.603303441461272, 0, 9.47686515928572E-08, 0, 0.999999999999991 }, { 0.603303441461267, 0, -5.28148776781224E-08, 0, 0.603303441461272, 0, 8.75428085578271E-08, 0, 0.999999999999992 }, { 0.603303441461267, 0, -5.02216982650536E-08, 0, 0.603303441461272, 0, 8.32445081755389E-08, 0, 0.999999999999993 }, { 0.603303441461267, 0, -5.24770448698653E-08, 0, 0.603303441461271, 0, 8.6982836933202E-08, 0, 0.999999999999992 }, { 0.603303441461268, 0, -4.56189775620263E-08, 0, 0.603303441461272, 0, 7.56153113456999E-08, 0, 0.999999999999994 }, { 0.603303441461268, 0, -4.33846059211248E-08, 0, 0.603303441461272, 0, 7.19117494440976E-08, 0, 0.999999999999995 }, { 0.603303441461268, 0, -4.84610615948547E-08, 0, 0.603303441461272, 0, 8.03261812620798E-08, 0, 0.999999999999994 }, { 0.603303441461268, 0, -4.58253063915639E-08, 0, 0.603303441461272, 0, 7.59573097752759E-08, 0, 0.999999999999994 }, { 0.603303441461268, 0, -4.61013845850465E-08, 0, 0.603303441461272, 0, 7.64149206133875E-08, 0, 0.999999999999994 }, { 0.603303441461268, 0, -4.38186500700728E-08, 0, 0.603303441461271, 0, 7.26311952803367E-08, 0, 0.999999999999995 }, { 0.603303441461268, 0, -4.50628002234672E-08, 0, 0.603303441461272, 0, 7.46934247786153E-08, 0, 0.999999999999994 }, { 0.603303441461269, 0, -4.13246827078396E-08, 0, 0.603303441461272, 0, 6.84973429088128E-08, 0, 0.999999999999995 }, { 0.603303441461269, 0, -3.78503190404582E-08, 0, 0.603303441461272, 0, 6.27384437734688E-08, 0, 0.999999999999996 }, { 0.603303441461269, 0, -3.6730381140132E-08, 0, 0.603303441461272, 0, 6.08821011383041E-08, 0, 0.999999999999996 }, { 0.603303441461269, 0, -3.88587977058304E-08, 0, 0.603303441461272, 0, 6.44100381919086E-08, 0, 0.999999999999996 }, { 0.603303441461269, 0, -3.70175148071329E-08, 0, 0.603303441461272, 0, 6.13580368735709E-08, 0, 0.999999999999996 }, { 0.603303441461269, 0, -3.73180745086661E-08, 0, 0.603303441461272, 0, 6.18562268073217E-08, 0, 0.999999999999996 }, { 0.603303441461269, 0, -3.60649993859562E-08, 0, 0.603303441461272, 0, 5.97792038092846E-08, 0, 0.999999999999996 }, { 0.60330344146127, 0, -3.45159513615053E-08, 0, 0.603303441461272, 0, 5.72115936847693E-08, 0, 0.999999999999997 }, { 0.999999999999997, 0, -5.16107760972771E-08, 0, 1, 0, 5.16107760972771E-08, 0, 0.999999999999997 }, { 0.999999999999997, 0, -5.21486036575423E-08, 0, 1, 0, 5.21486036575423E-08, 0, 0.999999999999997 }, { 0.999999999999998, 0, -4.84035922454494E-08, 0, 1, 0, 4.84035922454494E-08, 0, 0.999999999999998 }, { 0.999999999999998, 0, -4.6307050638461E-08, 0, 1, 0, 4.6307050638461E-08, 0, 0.999999999999998 }, { 0.999999999999997, 0, -5.27352881363184E-08, 0, 1, 0, 5.27352881363184E-08, 0, 0.999999999999997 }, { 0.999999999999998, 0, -4.50770230031593E-08, 0, 1, 0, 4.50770230031593E-08, 0, 0.999999999999998 }, { 0.999999999999998, 0, -4.80010378112182E-08, 0, 1, 0, 4.80010378112182E-08, 0, 0.999999999999998 }, { 0.999999999999997, 0, -5.46924177058371E-08, 0, 1, 0, 5.46924177058371E-08, 0, 0.999999999999997 }, { 0.999999999999998, 0, -4.29847695215812E-08, 0, 1, 0, 4.29847695215812E-08, 0, 0.999999999999998 }, { 0.999999999999998, 0, -4.63101628156436E-08, 0, 1, 0, 4.63101628156436E-08, 0, 0.999999999999998 }, { 0.999999999999998, 0, -4.81412492092658E-08, 0, 1, 0, 4.81412492092658E-08, 0, 0.999999999999998 },    // Cos(theta) = 1
            { 0.608781874767767, 0, -0.018590436562938, 0, 0.604445321755385, 0, 0, 0, 1 }, { 0.608781874767767, 0, -0.018590436562938, 0, 0.604445321755385, 0, 0, 0, 1 }, { 0.608781874767767, 0, -0.018590436562938, 0, 0.604445321755385, 0, 0, 0, 1 }, { 0.608781874767767, 0, -0.018590436562938, 0, 0.604445321755385, 0, 0, 0, 1 }, { -0.00697427955572912, 0, -0.609025738358545, 0, 0.604445321755385, 0, 0.999818067935859, 0, 0.0190754279850096 }, { 0.00260198836454573, 0, -0.609060108508969, 0, 0.604445321755385, 0, 0.999394564960888, 0, 0.0347927073779523 }, { 0.0191889824749634, 0, -0.6087632859086, 0, 0.604445321755385, 0, 0.998076206121638, 0, 0.0619986508045161 }, { 0.0448974017671529, 0, -0.607408602998898, 0, 0.604445321755385, 0, 0.994564685433663, 0, 0.104120697554647 }, { 0.0816601964830667, 0, -0.603566562612601, 0, 0.604445321755385, 0, 0.986417195123472, 0, 0.164259362701538 }, { 0.130475835634726, 0, -0.594926060596482, 0, 0.604445321755385, 0, 0.969790958218197, 0, 0.243937408582413 }, { 0.190463098871281, 0, -0.578519478244318, 0, 0.604445321755385, 0, 0.93985999482408, 0, 0.3415599496329 }, { 0.258048991493621, 0, -0.551698922713784, 0, 0.604445321755385, 0, 0.892457921574598, 0, 0.451130668064834 }, { 0.327193144813981, 0, -0.513717452860744, 0, 0.604445321755385, 0, 0.826661646387591, 0, 0.562699317946744 }, { 0.391236283798133, 0, -0.466792386062408, 0, 0.604445321755385, 0, 0.74644372044161, 0, 0.66544852141885 }, { 0.445391980329826, 0, -0.415435845953854, 0, 0.604445321755385, 0, 0.659448831620925, 0, 0.751749421211266 }, { 0.487977554410464, 0, -0.364470658358238, 0, 0.604445321755385, 0, 0.573676017288029, 0, 0.819082273446058 }, { 0.519833895965317, 0, -0.317385704570777, 0, 0.604445321755385, 0, 0.494808719435133, 0, 0.869001900354828 }, { 0.54298934876211, 0, -0.275904922080377, 0, 0.604445321755385, 0, 0.42557443277865, 0, 0.904923398824321 }, { 0.559616122258481, 0, -0.240397211348649, 0, 0.604445321755385, 0, 0.36646969901629, 0, 0.930430056194362 }, { 0.571544387312968, 0, -0.210470840809835, 0, 0.604445321755385, 0, 0.316759932112489, 0, 0.94850572375674 }, { 0.580155915970122, 0, -0.185418765800156, 0, 0.604445321755385, 0, 0.275215558738043, 0, 0.96138258646291 }, { 0.58643869563586, 0, -0.164470865740446, 0, 0.604445321755385, 0, 0.240523226277676, 0, 0.970643430606904 }, { 0.591080525597139, 0, -0.146917669356729, 0, 0.604445321755385, 0, 0.211484157041029, 0, 0.977381444921725 }, { 0.594556985451817, 0, -0.132147566814001, 0, 0.604445321755385, 0, 0.187070808403337, 0, 0.982346449910898 }, { 0.597196443833237, 0, -0.119655216900213, 0, 0.604445321755385, 0, 0.166437411921173, 0, 0.986052004603867 }, { 0.599227597324484, 0, -0.109028684527235, 0, 0.604445321755385, 0, 0.148896482383205, 0, 0.988852777793881 }, { 0.600811066798366, 0, -0.0999352480109575, 0, 0.604445321755385, 0, 0.133893942793687, 0, 0.990995689347972 }, { 0.602060665891243, 0, -0.0921081395910765, 0, 0.604445321755385, 0, 0.120986298463552, 0, 0.992654149285146 }, { 0.603058366661376, 0, -0.0853319929773577, 0, 0.604445321755385, 0, 0.109816005071203, 0, 0.99395188854477 }, { 0.603863678324002, 0, -0.0794331360901237, 0, 0.604445321755385, 0, 0.100095068127617, 0, 0.994977863901348 }, { 0.604520329348545, 0, -0.0742707151168818, 0, 0.604445321755385, 0, 0.0915901418494906, 0, 0.995796779103591 }, { 0.605060885868402, 0, -0.0697298660722001, 0, 0.604445321755385, 0, 0.084111091598106, 0, 0.996456321917281 }, { 0.605509981979667, 0, -0.065716617567135, 0, 0.604445321755385, 0, 0.0775024669601754, 0, 0.996992209905553 }, { 0.605886022669988, 0, -0.0621538012560189, 0, 0.604445321755385, 0, 0.0716367050650881, 0, 0.997430780150467 }, { 0.606203469018837, 0, -0.0589771890120118, 0, 0.604445321755385, 0, 0.0664076768052986, 0, 0.997792545899134 }, { 0.606473436290794, 0, -0.0561335251646416, 0, 0.604445321755385, 0, 0.0617274275799222, 0, 0.9980930794781 }, { 0.606704491293847, 0, -0.0535781758670808, 0, 0.604445321755385, 0, 0.0575222797261741, 0, 0.998344203033147 }, { 0.606903613621285, 0, -0.0512736005817869, 0, 0.604445321755385, 0, 0.0537302759115134, 0, 0.99855548941733 }, { 0.607076209161092, 0, -0.0491880918483701, 0, 0.604445321755385, 0, 0.0502991102970898, 0, 0.998734221205553 }, { 0.607226612983128, 0, -0.0472947379542589, 0, 0.604445321755385, 0, 0.0471844009808528, 0, 0.998886163994775 }, { 0.607358440126962, 0, -0.0455705572963426, 0, 0.604445321755385, 0, 0.0443482518240605, 0, 0.999016098699027 }, { 0.607474542415575, 0, -0.043996004028004, 0, 0.604445321755385, 0, 0.0417584433357825, 0, 0.999127725902493 }, { 0.607577286823446, 0, -0.042553968239499, 0, 0.604445321755385, 0, 0.0393867779245891, 0, 0.999224072582523 }, { 0.607668535299323, 0, -0.0412299642566889, 0, 0.604445321755385, 0, 0.037209389925661, 0, 0.999307468433342 }, { 0.607750002267998, 0, -0.0400112721030513, 0, 0.604445321755385, 0, 0.0352053187432053, 0, 0.999380089535124 }, { 0.607823014816667, 0, -0.0388869169273351, 0, 0.604445321755385, 0, 0.0333564871073869, 0, 0.999443563766256 }, { 0.607888626013733, 0, -0.0378472352082905, 0, 0.604445321755385, 0, 0.0316469834965731, 0, 0.999499135030837 }, { 0.607947827276723, 0, -0.0368837327789507, 0, 0.604445321755385, 0, 0.0300628184991551, 0, 0.999548004659408 }, { 0.608001448584531, 0, -0.0359890501809331, 0, 0.604445321755385, 0, 0.0285918729574863, 0, 0.999591165911601 }, { 0.608050144622684, 0, -0.035156693149412, 0, 0.604445321755385, 0, 0.0272234563626751, 0, 0.99962936773268 }, { 0.608094551028568, 0, -0.0343807928840284, 0, 0.604445321755385, 0, 0.0259479056064715, 0, 0.999663359152802 }, { 0.608135071215664, 0, -0.0336562912542147, 0, 0.604445321755385, 0, 0.0247568996037819, 0, 0.999693548726964 }, { 0.608172137248486, 0, -0.0329786493869265, 0, 0.604445321755385, 0, 0.0236429679841546, 0, 0.999720418051412 }, { 0.999744618348883, 0, -0.0225991668073788, 0, 1, 0, 0.0225991668073788, 0, 0.999744618348883 }, { 0.999766306065803, 0, -0.0216196381977351, 0, 1, 0, 0.0216196381977351, 0, 0.999766306065803 }, { 0.999785715595186, 0, -0.0206992165633485, 0, 1, 0, 0.0206992165633485, 0, 0.999785715595186 }, { 0.999803250875198, 0, -0.0198329552864489, 0, 1, 0, 0.0198329552864489, 0, 0.999803250875198 }, { 0.999819177304209, 0, -0.0190165847199502, 0, 1, 0, 0.0190165847199502, 0, 0.999819177304209 }, { 0.999833523974735, 0, -0.018246207381649, 0, 1, 0, 0.018246207381649, 0, 0.999833523974735 }, { 0.999846564800832, 0, -0.0175183796134982, 0, 1, 0, 0.0175183796134982, 0, 0.999846564800832 }, { 0.999858411972093, 0, -0.0168299802268083, 0, 1, 0, 0.0168299802268083, 0, 0.999858411972093 }, { 0.999869145086889, 0, -0.01617805905719, 0, 1, 0, 0.01617805905719, 0, 0.999869145086889 }, { 0.99987892607904, 0, -0.0155600865537477, 0, 1, 0, 0.0155600865537477, 0, 0.99987892607904 }, { 0.999887831490856, 0, -0.0149737319002459, 0, 1, 0, 0.0149737319002459, 0, 0.999887831490856 },    // Cos(theta) = 0.9997481
            { 0.622700688044246, 0, -0.0426871348427731, 0, 0.607908262614227, 0, 0, 0, 1 }, { 0.622700688044246, 0, -0.0426871348427731, 0, 0.607908262614227, 0, 0, 0, 1 }, { 0.622700688044246, 0, -0.0426871348427731, 0, 0.607908262614227, 0, 0, 0, 1 }, { 0.622700688044246, 0, -0.0426871348427731, 0, 0.607908262614227, 0, 0, 0, 1 }, { -0.0320148475575085, 0, -0.623340532470801, 0, 0.607908262614227, 0, 0.999853334243355, 0, 0.0171286570725228 }, { -0.0251449141923718, 0, -0.623655417608957, 0, 0.607908262614227, 0, 0.99960388870144, 0, 0.028144037947075 }, { -0.0148961991547732, 0, -0.623984371500533, 0, 0.607908262614227, 0, 0.999006708511371, 0, 0.044561593479908 }, { -0.000353936710623197, 0, -0.624161992849462, 0, 0.607908262614227, 0, 0.99769718349051, 0, 0.0678253586421125 }, { 0.0197552430858303, 0, -0.623849401758194, 0, 0.607908262614227, 0, 0.994994122633587, 0, 0.0999335516424472 }, { 0.046587189435491, 0, -0.62242102202856, 0, 0.607908262614227, 0, 0.98977095760635, 0, 0.142665131855421 }, { 0.0809032295669025, 0, -0.618896605836874, 0, 0.607908262614227, 0, 0.980377442979303, 0, 0.197129593766325 }, { 0.122811917458366, 0, -0.611960452706031, 0, 0.607908262614227, 0, 0.964698673046688, 0, 0.263356284882894 }, { 0.171500960679041, 0, -0.60013813368905, 0, 0.607908262614227, 0, 0.940466930648146, 0, 0.339885282650834 }, { 0.225079029258954, 0, -0.582166421115624, 0, 0.607908262614227, 0, 0.905870315037482, 0, 0.423555076477262 }, { 0.280709038488867, 0, -0.557477121366459, 0, 0.607908262614227, 0, 0.860311494388948, 0, 0.509768621347791 }, { 0.335127832151587, 0, -0.526562126004676, 0, 0.607908262614227, 0, 0.804934259207212, 0, 0.593363997355467 }, { 0.385401673754103, 0, -0.490962188158778, 0, 0.607908262614227, 0, 0.742522801352193, 0, 0.669820754509302 }, { 0.429546186380807, 0, -0.452844764919268, 0, 0.607908262614227, 0, 0.676759010306074, 0, 0.736204565550809 }, { 0.466736748227684, 0, -0.414409373065561, 0, 0.607908262614227, 0, 0.611248942195899, 0, 0.791438364703855 }, { 0.497119626319565, 0, -0.377426035471792, 0, 0.607908262614227, 0, 0.548805768682971, 0, 0.835949890797036 }, { 0.521433068361849, 0, -0.343053754301708, 0, 0.607908262614227, 0, 0.491201143110101, 0, 0.871046151396213 }, { 0.540657685327048, 0, -0.311877557312684, 0, 0.607908262614227, 0, 0.439262723697653, 0, 0.898358654784697 }, { 0.555779113255345, 0, -0.284056206018068, 0, 0.607908262614227, 0, 0.393136275544583, 0, 0.919480234170576 }, { 0.5676693544145, 0, -0.259479932365948, 0, 0.607908262614227, 0, 0.352550798162829, 0, 0.935792667428688 }, { 0.577048399092041, 0, -0.23789390625016, 0, 0.607908262614227, 0, 0.317020080728338, 0, 0.948418862167686 }, { 0.584487143733066, 0, -0.2189819447552, 0, 0.607908262614227, 0, 0.28597618290467, 0, 0.958236692316198 }, { 0.59042736121082, 0, -0.20241993268683, 0, 0.607908262614227, 0, 0.258852633841343, 0, 0.965916771964888 }, { 0.595207559631809, 0, -0.187899728533363, 0, 0.607908262614227, 0, 0.235119809962789, 0, 0.971966407432158 }, { 0.59908537723623, 0, -0.175143040430324, 0, 0.607908262614227, 0, 0.214304660394171, 0, 0.976766913623024 }, { 0.602256943633268, 0, -0.163905230596143, 0, 0.607908262614227, 0, 0.19599466649636, 0, 0.980604977823752 }, { 0.604871940030006, 0, -0.153974898730811, 0, 0.607908262614227, 0, 0.179835525782428, 0, 0.983696686272294 }, { 0.607045137632982, 0, -0.145170603066306, 0, 0.607908262614227, 0, 0.165524646562473, 0, 0.98620560781677 }, { 0.608864915430912, 0, -0.137338545506971, 0, 0.607908262614227, 0, 0.152806514563781, 0, 0.988256155065023 }, { 0.610399979997777, 0, -0.130346640349583, 0, 0.607908262614227, 0, 0.141462476086506, 0, 0.989943675388831 }, { 0.611703773628053, 0, -0.124083904456301, 0, 0.607908262614227, 0, 0.131309280247076, 0, 0.991341430051873 }, { 0.612818522292624, 0, -0.118455766062786, 0, 0.607908262614227, 0, 0.122191137047801, 0, 0.992506550422282 }, { 0.61377765274974, 0, -0.113381229493873, 0, 0.607908262614227, 0, 0.113974920618778, 0, 0.993483590804915 }, { 0.614607751210179, 0, -0.108791688764856, 0, 0.607908262614227, 0, 0.106548058266083, 0, 0.994307529168211 }, { 0.615330164959434, 0, -0.104628325695808, 0, 0.607908262614227, 0, 0.0998141961325644, 0, 0.995006042076098 }, { 0.615962293704894, 0, -0.100840492983104, 0, 0.607908262614227, 0, 0.0936904732085368, 0, 0.99560139160177 }, { 0.616518137657214, 0, -0.0973845801227745, 0, 0.607908262614227, 0, 0.0881056485727901, 0, 0.996111177115284 }, { 0.617009170270845, 0, -0.0942233673404028, 0, 0.607908262614227, 0, 0.0829989730878497, 0, 0.996549659477436 }, { 0.617444924284894, 0, -0.0913241167166269, 0, 0.607908262614227, 0, 0.0783170740474238, 0, 0.996928488605007 }, { 0.617833277360584, 0, -0.088658811910249, 0, 0.607908262614227, 0, 0.0740143070509495, 0, 0.997257186299814 }, { 0.618180715083457, 0, -0.0862028381462187, 0, 0.607908262614227, 0, 0.0700506172830341, 0, 0.997543421993297 }, { 0.618492838914147, 0, -0.08393437450004, 0, 0.607908262614227, 0, 0.0663905124854054, 0, 0.997793758064298 }, { 0.618774091497018, 0, -0.0818350193198437, 0, 0.607908262614227, 0, 0.0630040927280826, 0, 0.99801327930248 }, { 0.619028496610263, 0, -0.0798879888936127, 0, 0.607908262614227, 0, 0.0598640900869111, 0, 0.998206578265218 }, { 0.619259287268789, 0, -0.0780786841107677, 0, 0.607908262614227, 0, 0.0569468151432629, 0, 0.998377222929136 }, { 0.619469326966108, 0, -0.0763942009119245, 0, 0.607908262614227, 0, 0.0542313283320054, 0, 0.998528376360392 }, { 0.619661046242124, 0, -0.0748230153824626, 0, 0.607908262614227, 0, 0.0516989435465694, 0, 0.998662660819702 }, { 0.619836526762482, 0, -0.0733552164405135, 0, 0.607908262614227, 0, 0.0493335908538395, 0, 0.998782317650734 }, { 0.619997607820741, 0, -0.0719814161943742, 0, 0.607908262614227, 0, 0.0471200631434316, 0, 0.998889258117775 }, { 0.998984990754804, 0, -0.0450455971872425, 0, 1, 0, 0.0450455971872425, 0, 0.998984990754804 }, { 0.9990708396243, 0, -0.0430984206135479, 0, 1, 0, 0.0430984206135479, 0, 0.9990708396243 }, { 0.999148117733465, 0, -0.041267737222377, 0, 1, 0, 0.041267737222377, 0, 0.999148117733465 }, { 0.999217816240651, 0, -0.0395444522981502, 0, 1, 0, 0.0395444522981502, 0, 0.999217816240651 }, { 0.999280746195164, 0, -0.0379199957342102, 0, 1, 0, 0.0379199957342102, 0, 0.999280746195164 }, { 0.999337784311949, 0, -0.0363866013325071, 0, 1, 0, 0.0363866013325071, 0, 0.999337784311949 }, { 0.999389455113124, 0, -0.0349376995283579, 0, 1, 0, 0.0349376995283579, 0, 0.999389455113124 }, { 0.999436496778606, 0, -0.0335670617564557, 0, 1, 0, 0.0335670617564557, 0, 0.999436496778606 }, { 0.99947916976095, 0, -0.0322686393738039, 0, 1, 0, 0.0322686393738039, 0, 0.99947916976095 }, { 0.999518278942027, 0, -0.0310376063896951, 0, 1, 0, 0.0310376063896951, 0, 0.999518278942027 }, { 0.999553858578454, 0, -0.0298697574101442, 0, 1, 0, 0.0298697574101442, 0, 0.999553858578454 },    // Cos(theta) = 0.9989922
            { 0.638787804891953, 0, -0.0689026848548487, 0, 0.614125918223634, 0, 0, 0, 1 }, { 0.638787804891953, 0, -0.0689026848548487, 0, 0.614125918223634, 0, 0, 0, 1 }, { 0.638787804891953, 0, -0.0689026848548487, 0, 0.614125918223634, 0, 0, 0, 1 }, { 0.638787804891953, 0, -0.0689026848548487, 0, 0.614125918223634, 0, 0, 0, 1 }, { -0.0581102538937989, 0, -0.63985984591218, 0, 0.614125918223635, 0, 0.99985750701528, 0, 0.0168798037928315 }, { -0.0515678919871107, 0, -0.64042033884791, 0, 0.614125918223634, 0, 0.999632819941961, 0, 0.0270974070628067 }, { -0.0425244386662978, 0, -0.641084362439842, 0, 0.614125918223634, 0, 0.999150869177825, 0, 0.0412026319124266 }, { -0.0307161628520668, 0, -0.64175852006917, 0, 0.614125918223635, 0, 0.99822310607146, 0, 0.059588002383423 }, { -0.0153851014554561, 0, -0.642308911195809, 0, 0.614125918223634, 0, 0.996515808291548, 0, 0.0834040863462365 }, { 0.00435394081557362, 0, -0.642478388152036, 0, 0.614125918223634, 0, 0.993483296275185, 0, 0.113977766528736 }, { 0.0292671962157587, 0, -0.641826191044658, 0, 0.614125918223634, 0, 0.988315614649328, 0, 0.152421187135118 }, { 0.059842062507506, 0, -0.639700223410738, 0, 0.614125918223634, 0, 0.979922315074636, 0, 0.199379731406848 }, { 0.0961567573011057, 0, -0.635256922531866, 0, 0.614125918223634, 0, 0.966984961610754, 0, 0.254833633522299 }, { 0.137763528430739, 0, -0.627549727709113, 0, 0.614125918223634, 0, 0.948113526002745, 0, 0.31793201805704 }, { 0.183616400107696, 0, -0.615696760373565, 0, 0.614125918223635, 0, 0.92211792641413, 0, 0.386909078566739 }, { 0.232105294453268, 0, -0.599103122730671, 0, 0.614125918223634, 0, 0.888346330391999, 0, 0.459173984618948 }, { 0.281242836593151, 0, -0.577667654753232, 0, 0.614125918223634, 0, 0.846973922339132, 0, 0.531634466474826 }, { 0.3289762315831, 0, -0.551880468113897, 0, 0.614125918223635, 0, 0.799101776048558, 0, 0.6011957123854 }, { 0.373536040921072, 0, -0.52275066727679, 0, 0.614125918223634, 0, 0.746586789396521, 0, 0.665288021989613 }, { 0.413687433589868, 0, -0.491589401766103, 0, 0.614125918223635, 0, 0.691664028326337, 0, 0.722219395276505 }, { 0.448812587040166, 0, -0.459744159104251, 0, 0.614125918223634, 0, 0.636521801539054, 0, 0.771258693985531 }, { 0.478839135401175, 0, -0.428381281785609, 0, 0.614125918223634, 0, 0.582977057233631, 0, 0.812488616530708 }, { 0.504078761003036, 0, -0.398374238985044, 0, 0.614125918223635, 0, 0.532329429700263, 0, 0.846537275438594 }, { 0.525057871907791, 0, -0.370285965503359, 0, 0.614125918223634, 0, 0.48536217223908, 0, 0.874313229565352 }, { 0.542384646877838, 0, -0.344407284379189, 0, 0.614125918223634, 0, 0.442423807023526, 0, 0.896806154779928 }, { 0.556654595935769, 0, -0.320831924879379, 0, 0.614125918223634, 0, 0.403559975986897, 0, 0.914953224381112 }, { 0.568408260861706, 0, -0.299515468274454, 0, 0.614125918223634, 0, 0.368611717574886, 0, 0.929583491300389 }, { 0.578110212957429, 0, -0.280332069773356, 0, 0.614125918223634, 0, 0.337306747327756, 0, 0.941394855792031 }, { 0.586147463164559, 0, -0.263113332970398, 0, 0.614125918223634, 0, 0.309319879935745, 0, 0.950958093938346 }, { 0.592836034405823, 0, -0.247674940771448, 0, 0.614125918223634, 0, 0.284313142518176, 0, 0.9587314732291 }, { 0.598431549102163, 0, -0.233831319493482, 0, 0.614125918223634, 0, 0.26195669951006, 0, 0.965079584007392 }, { 0.603138612008698, 0, -0.221407510672107, 0, 0.614125918223634, 0, 0.241945657667672, 0, 0.97028984063935 }, { 0.607120967923102, 0, -0.210241680525327, 0, 0.614125918223634, 0, 0.224002253876388, 0, 0.974588619039188 }, { 0.610509633131651, 0, -0.200188454069396, 0, 0.614125918223635, 0, 0.207879657291707, 0, 0.978154396281004 }, { 0.613409808389128, 0, -0.19111748835844, 0, 0.614125918223634, 0, 0.193358607593592, 0, 0.981128210013542 }, { 0.615905438078327, 0, -0.18291515238439, 0, 0.614125918223634, 0, 0.180249253566806, 0, 0.98362099398319 }, { 0.618064988245027, 0, -0.175479566611908, 0, 0.614125918223634, 0, 0.168382512527176, 0, 0.985721691332632 }, { 0.619943131669452, 0, -0.168724337166711, 0, 0.614125918223634, 0, 0.157615567565025, 0, 0.987500485480151 }, { 0.621585130347158, 0, -0.162571127122025, 0, 0.614125918223635, 0, 0.147819640394916, 0, 0.989014341861937 }, { 0.623027258638806, 0, -0.156953732400514, 0, 0.614125918223635, 0, 0.138886228022948, 0, 0.990308343074818 }, { 0.62429968241387, 0, -0.151813433709978, 0, 0.614125918223634, 0, 0.130719429473575, 0, 0.991419368399517 }, { 0.625427404424308, 0, -0.147098450719885, 0, 0.614125918223635, 0, 0.123234943350825, 0, 0.992377465622311 }, { 0.626431028760915, 0, -0.142764225556118, 0, 0.614125918223634, 0, 0.116360378934937, 0, 0.993207081321118 }, { 0.627327592919379, 0, -0.138771413322298, 0, 0.614125918223635, 0, 0.110032007707614, 0, 0.99392801303994 }, { 0.628131713624757, 0, -0.13508518818195, 0, 0.614125918223634, 0, 0.104193498284493, 0, 0.994557066580876 }, { 0.628855408551819, 0, -0.131675109514051, 0, 0.614125918223635, 0, 0.0987957390539432, 0, 0.995107757782528 }, { 0.629508992574886, 0, -0.128514084965198, 0, 0.614125918223634, 0, 0.0937950839422142, 0, 0.995591526347722 }, { 0.630101110195239, 0, -0.125578876011339, 0, 0.614125918223634, 0, 0.0891541293376742, 0, 0.996017870410219 }, { 0.630639272303699, 0, -0.12284770114655, 0, 0.614125918223634, 0, 0.0848379155251874, 0, 0.996394777086471 }, { 0.631129800191995, 0, -0.120302047493242, 0, 0.614125918223634, 0, 0.080816739427092, 0, 0.996728938222968 }, { 0.631578182393465, 0, -0.117925646678415, 0, 0.614125918223635, 0, 0.077064510249388, 0, 0.997026131650084 }, { 0.631989095223924, 0, -0.115703032727515, 0, 0.614125918223634, 0, 0.0735565144505912, 0, 0.997291012257019 }, { 0.632366719924292, 0, -0.11362127191615, 0, 0.614125918223634, 0, 0.070272039682906, 0, 0.997527891498259 }, { 0.997740108927223, 0, -0.0671923626181256, 0, 1, 0, 0.0671923626181256, 0, 0.997740108927223 }, { 0.997930626817584, 0, -0.0642996492579964, 0, 1, 0, 0.0642996492579964, 0, 0.997930626817584 }, { 0.998102183641265, 0, -0.0615789478229325, 0, 1, 0, 0.0615789478229325, 0, 0.998102183641265 }, { 0.998257016070941, 0, -0.0590166470060228, 0, 1, 0, 0.0590166470060228, 0, 0.998257016070941 }, { 0.998396904170896, 0, -0.0566002896431176, 0, 1, 0, 0.0566002896431176, 0, 0.998396904170896 }, { 0.998523638198913, 0, -0.0543187774359592, 0, 1, 0, 0.0543187774359592, 0, 0.998523638198913 }, { 0.998638586808992, 0, -0.0521619601543842, 0, 1, 0, 0.0521619601543842, 0, 0.998638586808992 }, { 0.998743166085486, 0, -0.0501206325748579, 0, 1, 0, 0.0501206325748579, 0, 0.998743166085486 }, { 0.998838298748746, 0, -0.0481869956144209, 0, 1, 0, 0.0481869956144209, 0, 0.998838298748746 }, { 0.998925120817963, 0, -0.0463527166972736, 0, 1, 0, 0.0463527166972736, 0, 0.998925120817963 }, { 0.999004376172395, 0, -0.0446117573650588, 0, 1, 0, 0.0446117573650588, 0, 0.999004376172395 },    // Cos(theta) = 0.9977324
            { 0.654972216742739, 0, -0.087079282047895, 0, 0.621233787706648, 0, 0, 0, 1 }, { 0.654972216742739, 0, -0.087079282047895, 0, 0.621233787706648, 0, 0, 0, 1 }, { 0.654972216742739, 0, -0.087079282047895, 0, 0.621233787706648, 0, 0, 0, 1 }, { 0.654972216742739, 0, -0.087079282047895, 0, 0.621233787706648, 0, 0, 0, 1 }, { -0.0759668230868381, 0, -0.656353926258309, 0, 0.621233787706648, 0, 0.999856418439374, 0, 0.0169472165354491 }, { -0.0693723588048175, 0, -0.657083612446358, 0, 0.621233787706648, 0, 0.999635796947179, 0, 0.0269861961330502 }, { -0.0605601696148175, 0, -0.657954312357087, 0, 0.621233787706648, 0, 0.999184382002112, 0, 0.0403804746633771 }, { -0.0495569319395129, 0, -0.658874410244576, 0, 0.621233787706648, 0, 0.998370046754685, 0, 0.0570717566248932 }, { -0.0359629741908731, 0, -0.659756049418253, 0, 0.621233787706648, 0, 0.996981263823497, 0, 0.0776421307318662 }, { -0.019178589100709, 0, -0.660457076966826, 0, 0.621233787706648, 0, 0.994685147720037, 0, 0.102962961943384 }, { 0.00142042695927251, 0, -0.660733993712365, 0, 0.621233787706648, 0, 0.990991880748562, 0, 0.133922151517159 }, { 0.0263395233514641, 0, -0.660210283500668, 0, 0.621233787706648, 0, 0.985235771607014, 0, 0.171202906206555 }, { 0.055860404095017, 0, -0.658369982933343, 0, 0.621233787706648, 0, 0.976586549990229, 0, 0.215124941370055 }, { 0.0899616999133954, 0, -0.654582518856497, 0, 0.621233787706648, 0, 0.964102452261258, 0, 0.26553042225489 }, { 0.128257691918736, 0, -0.648167720327453, 0, 0.621233787706648, 0, 0.946839978821785, 0, 0.321705000765771 }, { 0.169973659922707, 0, -0.63849851414884, 0, 0.621233787706648, 0, 0.924012881558477, 0, 0.382361315258953 }, { 0.213975838850231, 0, -0.625128573564065, 0, 0.621233787706648, 0, 0.895177695384712, 0, 0.44570939408913 }, { 0.258876603453675, 0, -0.607909786994408, 0, 0.621233787706648, 0, 0.860388991994708, 0, 0.509637890929955 }, { 0.303206193956078, 0, -0.58705826638346, 0, 0.621233787706648, 0, 0.82026415709255, 0, 0.571984884654228 }, { 0.345608431196447, 0, -0.563139611304039, 0, 0.621233787706648, 0, 0.775922244988431, 0, 0.630828564408126 }, { 0.385004748305066, 0, -0.53697557511783, 0, 0.621233787706648, 0, 0.728811235189915, 0, 0.684714703845207 }, { 0.420689940275817, 0, -0.509501137105996, 0, 0.621233787706648, 0, 0.680474504539045, 0, 0.732771802092314 }, { 0.452338131554664, 0, -0.481623981527263, 0, 0.621233787706648, 0, 0.632338818443877, 0, 0.774692008157454 }, { 0.479939475335224, 0, -0.454124983245464, 0, 0.621233787706648, 0, 0.585577659148722, 0, 0.810616303875561 }, { 0.503714232704124, 0, -0.427601897998026, 0, 0.621233787706648, 0, 0.541043884211249, 0, 0.840994368336695 }, { 0.524017085954791, 0, -0.402464291963109, 0, 0.621233787706648, 0, 0.499281205346995, 0, 0.866440011270457 }, { 0.541261468998969, 0, -0.378955671664377, 0, 0.621233787706648, 0, 0.460572482307353, 0, 0.887622062780811 }, { 0.555868137441257, 0, -0.357186257709837, 0, 0.621233787706648, 0, 0.424999150430269, 0, 0.905193752003928 }, { 0.568233674657456, 0, -0.337167441213575, 0, 0.621233787706648, 0, 0.392499196189399, 0, 0.919752330658968 }, { 0.578712169468, 0, -0.318847308399467, 0, 0.621233787706648, 0, 0.36292410806889, 0, 0.931818670525733 }, { 0.587610123144569, 0, -0.302135347869096, 0, 0.621233787706648, 0, 0.336076959836855, 0, 0.941834550765836 }, { 0.595189774782303, 0, -0.286915599667871, 0, 0.621233787706648, 0, 0.311731474327019, 0, 0.95017026959309 }, { 0.601669456584517, 0, -0.273066481463759, 0, 0.621233787706648, 0, 0.289661697068545, 0, 0.957129131857899 }, { 0.607231181448788, 0, -0.260464350983794, 0, 0.621233787706648, 0, 0.269645827447129, 0, 0.962959542996656 }, { 0.612025526286952, 0, -0.248990292491557, 0, 0.621233787706648, 0, 0.251475426175181, 0, 0.967863688941738 }, { 0.61617637562793, 0, -0.238533203938677, 0, 0.621233787706648, 0, 0.234959100665874, 0, 0.97200526854499 }, { 0.619786000254579, 0, -0.228990668102791, 0, 0.621233787706648, 0, 0.21992279897615, 0, 0.975517286630722 }, { 0.622938755651664, 0, -0.220269689166173, 0, 0.621233787706648, 0, 0.206210177170092, 0, 0.97850774956205 }, { 0.625704190601569, 0, -0.212286879450575, 0, 0.621233787706648, 0, 0.19368225942458, 0, 0.981064366200537 }, { 0.628140380511469, 0, -0.204965907669581, 0, 0.621233787706648, 0, 0.182212944863864, 0, 0.983259039799854 }, { 0.630295051091224, 0, -0.198241074187884, 0, 0.621233787706648, 0, 0.171694147260421, 0, 0.985150266946251 }, { 0.632208762679279, 0, -0.192050828635132, 0, 0.621233787706648, 0, 0.162025434595452, 0, 0.986786621899126 }, { 0.63391416574577, 0, -0.186344279564891, 0, 0.621233787706648, 0, 0.153123943762302, 0, 0.988206938077132 }, { 0.635440301891596, 0, -0.181071877257769, 0, 0.621233787706648, 0, 0.144909544429902, 0, 0.989444902266726 }, { 0.636810317814708, 0, -0.176193072280601, 0, 0.621233787706648, 0, 0.137316784877018, 0, 0.99052715255821 }, { 0.638044636133883, 0, -0.171669658022247, 0, 0.621233787706648, 0, 0.130284271582683, 0, 0.991476707508198 }, { 0.639160028591046, 0, -0.167469039623315, 0, 0.621233787706648, 0, 0.123759758343321, 0, 0.992312227725053 }, { 0.640171207029721, 0, -0.163561160671844, 0, 0.621233787706648, 0, 0.11769521816667, 0, 0.993049789749507 }, { 0.641090681231223, 0, -0.15991925442613, 0, 0.621233787706648, 0, 0.112047998660326, 0, 0.993702822611648 }, { 0.641929019371967, 0, -0.156520220943772, 0, 0.621233787706648, 0, 0.106781335873483, 0, 0.994282573808372 }, { 0.64269538246148, 0, -0.15334274186464, 0, 0.621233787706648, 0, 0.101861419374401, 0, 0.99479853507268 }, { 0.643398040847178, 0, -0.150367489231274, 0, 0.621233787706648, 0, 0.0972576025131367, 0, 0.995259258918709 }, { 0.644043639851824, 0, -0.147577746852038, 0, 0.621233787706648, 0, 0.0929434811073092, 0, 0.995671380842446 }, { 0.996041038275129, 0, -0.088894817678711, 0, 1, 0, 0.088894817678711, 0, 0.996041038275129 }, { 0.996373326669232, 0, -0.0850898626238662, 0, 1, 0, 0.0850898626238662, 0, 0.996373326669232 }, { 0.996672679184065, 0, -0.0815084020529716, 0, 1, 0, 0.0815084020529716, 0, 0.996672679184065 }, { 0.996942935553754, 0, -0.0781334832894513, 0, 1, 0, 0.0781334832894513, 0, 0.996942935553754 }, { 0.997187397870434, 0, -0.0749487520784121, 0, 1, 0, 0.0749487520784121, 0, 0.997187397870434 }, { 0.997408981658826, 0, -0.0719405197436036, 0, 1, 0, 0.0719405197436036, 0, 0.997408981658826 }, { 0.997610134083462, 0, -0.0690950225574962, 0, 1, 0, 0.0690950225574962, 0, 0.997610134083462 }, { 0.997793037872261, 0, -0.0664003985957208, 0, 1, 0, 0.0664003985957208, 0, 0.997793037872261 }, { 0.997959756696778, 0, -0.0638467499257591, 0, 1, 0, 0.0638467499257591, 0, 0.997959756696778 }, { 0.998111735153675, 0, -0.0614235706660162, 0, 1, 0, 0.0614235706660162, 0, 0.998111735153675 }, { 0.998250715544167, 0, -0.059122766864635, 0, 1, 0, 0.059122766864635, 0, 0.998250715544167 },    // Cos(theta) = 0.9959688
